[(2022, 8, 3, 1, 39, 12)] ("definition", {})
[(2022, 8, 3, 1, 39, 12)] ("definition", {})
[(2022, 8, 3, 1, 40, 0)] ("definition", {})
[(2022, 8, 3, 1, 40, 0)] ("definition", {})
[(2022, 8, 3, 1, 45, 27)] ("definition", {})
[(2022, 8, 3, 1, 45, 27)] ("definition", {})
[(2022, 8, 3, 1, 47, 4)] ("definition", {})
[(2022, 8, 3, 1, 47, 4)] ("definition", {})
[(2022, 8, 3, 1, 48, 51)] ("definition", {})
[(2022, 8, 3, 1, 48, 51)] ("definition", {})
[(2022, 8, 3, 1, 50, 36)] ("definition", {})
[(2022, 8, 3, 1, 50, 36)] ("definition", {})
[(2022, 8, 3, 2, 20, 34)] ("definition", {})
[(2022, 8, 3, 2, 20, 34)] ("definition", {})
[(2022, 8, 3, 2, 41, 3)] ("definition", {})
[(2022, 8, 3, 2, 41, 3)] ("definition", {})
[(2022, 8, 3, 2, 48, 23)] ("definition", {})
[(2022, 8, 3, 2, 48, 23)] ("definition", {})
[(2022, 8, 3, 2, 52, 52)] ("definition", {})
[(2022, 8, 3, 2, 52, 52)] ("definition", {})
[(2022, 8, 3, 2, 53, 59)] ("definition", {})
[(2022, 8, 3, 2, 53, 59)] ("definition", {})
[(2022, 8, 3, 2, 55, 40)] ("definition", {})
[(2022, 8, 3, 2, 55, 40)] ("definition", {})
[(2022, 8, 3, 2, 58, 57)] ("definition", {})
[(2022, 8, 3, 2, 58, 57)] ("definition", {})
[(2022, 8, 3, 2, 58, 57)] ("definition", {})
[(2022, 8, 3, 2, 58, 57)] ("definition", {})
[(2022, 8, 3, 2, 58, 57)] ("definition", {})
[(2022, 8, 3, 2, 58, 57)] ("definition", {})
[(2022, 8, 3, 3, 1, 5)] ("definition", {})
[(2022, 8, 3, 3, 1, 5)] ("definition", {})
[(2022, 8, 3, 18, 9, 22)] ("definition", {})
[(2022, 8, 3, 18, 9, 22)] ("definition", {})
[(2022, 8, 3, 18, 11, 39)] ("definition", {})
[(2022, 8, 3, 18, 11, 39)] ("definition", {})
[(2022, 8, 3, 18, 17, 54)] ("definition", {})
[(2022, 8, 3, 18, 17, 54)] ("definition", {})
[(2022, 8, 3, 18, 18, 38)] ("definition", {})
[(2022, 8, 3, 18, 18, 38)] ("definition", {})
[(2022, 8, 3, 18, 19, 41)] ("definition", {})
[(2022, 8, 3, 18, 19, 41)] ("definition", {})
[(2022, 8, 3, 18, 22, 2)] ("definition", {})
[(2022, 8, 3, 18, 22, 2)] ("definition", {})
[(2022, 8, 3, 18, 23, 32)] ("definition", {})
[(2022, 8, 3, 18, 23, 32)] ("definition", {})
[(2022, 8, 3, 18, 23, 43)] ("definition", {})
[(2022, 8, 3, 18, 23, 43)] ("definition", {})
[(2022, 8, 3, 18, 25, 50)] ("definition", {})
[(2022, 8, 3, 18, 25, 50)] ("definition", {})
[(2022, 8, 3, 18, 28, 3)] ("definition", {})
[(2022, 8, 3, 18, 28, 3)] ("definition", {})
[(2022, 8, 3, 18, 29, 39)] ("definition", {})
[(2022, 8, 3, 18, 29, 39)] ("definition", {})
[(2022, 8, 3, 18, 30, 45)] ("definition", {})
[(2022, 8, 3, 18, 30, 45)] ("definition", {})
[(2022, 8, 3, 18, 33, 50)] ("definition", {})
[(2022, 8, 3, 18, 33, 50)] ("definition", {})
[(2022, 8, 3, 18, 34, 4)] ("definition", {})
[(2022, 8, 3, 18, 34, 4)] ("definition", {})
[(2022, 8, 3, 18, 34, 41)] ("definition", {})
[(2022, 8, 3, 18, 34, 41)] ("definition", {})
[(2022, 8, 3, 18, 35, 4)] ("definition", {})
[(2022, 8, 3, 18, 35, 4)] ("definition", {})
[(2022, 8, 3, 18, 36, 26)] ("definition", {})
[(2022, 8, 3, 18, 36, 26)] ("definition", {})
[(2022, 8, 4, 12, 3, 55)] ("definition", {})
[(2022, 8, 4, 12, 3, 55)] ("definition", {})
